0 12345 0 20221015 183938
1 88888 1 20221015 183942
2 12345 0 20221015 183945
3 12345 0 20221015 185943
4 12345 0 20221015 220145
5 12345 0 20221015 220152
6 12345 0 20221016 111825
7 12345 0 20221016 111828
8 999 0 20221016 112046
9 12345 0 20221016 142917
10 12345 0 20221016 142919
11 12345 0 20221016 142921
12 12345 0 20221016 142924
13 12345 0 20221016 143527
14 12345 0 20221016 143625
15 12345 0 20221016 143628
16 12345 0 20221016 151734
17 0 1 20221016 201229
18 12345 0 20221016 201248
19 12345 0 20221016 201254
20 123 1 20221229 152140
21 123 1 20221229 152143
22 123 1 20221229 152144
23 123 1 20221229 152146
24 123 1 20221229 152148
25 123 1 20221229 152149
26 123 1 20221229 152151
27 123 1 20221229 152152
28 123 1 20221229 152154
29 123 1 20221229 152156
30 123 1 20221229 152157
31 123 1 20221229 152159
32 123 1 20221229 152201
